-8.665565568319145706e-01
1.080446670371997486e+00
-1.046943286172080434e+00
1.606497262680587790e+00
4.694823949532265228e-01
-1.188294561664894611e-01
1.719311822698183612e+00
-1.322826560453827183e+00
-3.767567705977651893e-01
-8.529735306239177861e-01
-8.766844708396089869e-01
1.019061542630081529e+00
1.194259493125403360e+00
1.571002595000459412e-01
-1.084028959376017953e+00
1.217556474092359009e+00
-3.491387778191628044e+00
1.112898426024771403e+00
-1.044424725115236319e+00
-4.368416717449041808e-01
1.119419764105105131e+00
9.081512907827882231e-02
5.371246154310991283e-01
-1.463214575816134122e+00
-8.112188656175223223e-01
-3.028945294269549948e-01
-4.599029271123349916e-01
-1.717181170435031268e+00
-5.044518084594210583e-01
-7.821493974391866555e-01
-1.017693185304008541e+00
1.688627975996918718e+00
1.126664033898581829e+00
9.010787293726959524e-01
2.063096261917697904e-01
4.385539924571435488e-01
-7.647232139650278482e-01
9.103784414521051138e-01
9.999067042765133473e-02
5.021708269542952685e-01
8.075817143544071763e-01
3.724380722070054772e-01
-6.104147783732405408e-01
3.141007042178438624e-01
-1.727229843289837530e-02
-5.914396921608501279e-01
-5.365527885391787599e-01
3.122334014206821530e-03
1.241155764433601760e+00
3.666026659487082173e-01
1.235978620990048515e+00
-8.783421238907610507e-01
-2.331622740925061166e+00
-1.440444092185722447e+00
6.407626313987062616e-01
-1.390745735535267036e+00
-1.712947949364486966e-01
8.020118317099415028e-01
1.231486187388678211e+00
-1.281046081012786830e+00
1.120208269960509373e+00
4.063009182071982694e-01
3.528885609607829710e-01
-5.451365101128987645e-01
-9.186495556236706772e-01
2.821745027316192034e-01
-2.301959289193083347e+00
1.599648460674756079e+00
-7.853413245340712390e-02
-1.710898519166506926e+00
2.412015041940722693e+00
1.507771135002772489e+00
-2.377137131525280112e-01
1.737394818150308051e+00
-1.032655868153049550e+00
-1.609153109299215512e+00
-7.187543338984422325e-01
7.869784182752259660e-01
-1.651558164915643556e-01
-9.353122676405308811e-01
-5.782129032050167261e-01
-8.275953134733230465e-01
3.611065000244153556e-01
-4.322890833522989862e-01
6.805692426132310402e-01
-1.480069374058793352e+00
1.691078909307424771e+00
-6.637852376705621893e-01
3.081762447401170668e-01
7.078331225732735765e-01
8.370091618608557216e-01
-9.270212179574415234e-01
-1.780977378389623667e+00
-2.463706982648954380e-01
1.429047402940833544e+00
-6.997243043834169285e-01
-7.284108888812154126e-01
-1.170320684765833313e-01
-7.441027998871454496e-01
2.358022973692839863e-01
2.427238466737879907e+00
8.989015613403632532e-01
4.350890969534011443e-01
2.114404997482421500e+00
-4.922018200705970958e-01
1.460725189621622677e+00
2.838913531276639368e+00
7.401249489251686686e-01
-2.161097103585607471e-01
1.705056633452902926e+00
1.921651767849398951e+00
1.153109344401301861e+00
2.034383653621633758e+00
6.898347242599671691e-01
1.014994085224563358e+00
2.232321338105952790e+00
4.852199460998070091e-01
3.355123100859634944e-01
4.126428357271635372e-01
3.161475757026795286e+00
1.307085178529516334e+00
-3.645382137651902443e-01
1.650801168026791998e+00
4.044185674514026996e-01
3.198310172182303734e-01
2.796973015084708969e+00
1.450298582662762348e-01
2.722097444549386180e-01
-2.151590664260484065e+00
2.410725264447177274e+00
1.138088409978062154e+00
-3.634083471339646376e-01
2.873650813594335496e+00
1.477102464744149968e+00
1.761936365111858471e+00
-5.611571601501834650e-01
2.706882822487241658e+00
2.254254787841059038e-01
1.909054215766148310e+00
9.705418802367122844e-01
4.553291084143481493e-01
-9.528350029492727025e-02
5.144517489491580164e-01
1.145585733308369658e+00
-1.466960658958540442e-01
1.181807342477243283e+00
3.842687357288651073e-01
1.076603436831361504e+00
1.050210429209694540e+00
1.674765271353440443e+00
1.253694979191714021e-01
1.651114540103694406e+00
-3.435532595895327557e-01
1.156492690573134974e+00
1.057367387755775656e+00
8.775804020051334309e-01
2.213185785768677860e+00
5.955269656977062454e-01
7.458486971382194408e-01
9.348754525980610408e-01
1.457950898980925114e+00
2.228043334111703189e+00
8.204518841421107878e-01
3.255986346571380086e-01
-1.110565257577424969e-01
-1.739508661108943866e-01
2.522733650647770443e-01
1.624918923336982290e+00
-1.530966408974566040e+00
-5.649667825354582895e-01
7.813142399014478823e-01
-3.810839269043173605e-01
2.099564458204592476e+00
-1.111612356343191887e+00
-1.071548114188278777e+00
-1.170470797510974048e-01
2.307023731452147786e+00
1.255499220116468750e+00
9.167633957925871435e-01
3.236122300865552415e+00
9.978550053325618840e-01
-5.293877886108278030e-01
2.030312255424277623e+00
3.595383331849891784e-01
1.282432635712497104e-01
3.458067801933262242e+00
1.853496155041046478e+00
1.489637164245459333e+00
1.309145360589417662e+00
-5.757714597706820037e-02
2.159668964512068356e+00
5.747480202757169199e-01
-1.585384070557549485e-02
8.459692663605874463e-01
-3.637342439555852902e-01
2.808334423951272640e+00
1.906959161145090675e+00
2.085585325306376525e+00
1.632887180542049510e+00
5.763564124807378786e-01